image: map_005_luo.pgm
resolution: 0.05
origin: [0.0000, 0.000000, 0.000000]
negate: 0
occupied_thresh: 0.65
free_thresh: 0.196
