image: map_005.pgm
resolution: 0.05
origin: [5.500000, 0.500000, 3.141500]
negate: 0
occupied_thresh: 0.65
free_thresh: 0.196
