image: mapname_24.pgm
resolution: 0.050000
origin: [-3.487851, -3.084895, 0.000000]
negate: 0
occupied_thresh: 0.65
free_thresh: 0.196
