image: mapname_2.pgm
resolution: 0.050000
origin: [-1.170217, -6.130145, 0.000000]
negate: 0
occupied_thresh: 0.65
free_thresh: 0.196

